Adding:  P#0  WTime=0  Turn=0 Cs1=0  Cs2=0  Cs3=0  Cs4=0  Cs5=0  Rand=0
Plr: Wrldtime CommTurn Random WChecksum CksumNew Position Actions  Unif. Visible
 05: 01901870 00003490 031740 00000000 348049505 00998137 00000000 00000000 
 04: 01901870 00003490 031740 00000000 348049505 00998137 00000000 00000000 
 08: 01923470 00003530 027457 00000000 51640911 01014020 00000000 00000000 
 02: 01923470 00003530 027457 00000000 51640911 01014020 00000000 00000000 
 07: 01923470 00003530 027457 00000000 51640911 01014020 00000000 00000000 
 01: 01923470 00003530 027457 00000000 51640911 01014020 00000000 00000000 
 06: 01923470 00003530 027457 00000000 51640911 01014020 00000000 00000000 
 03: 01923470 00003530 027457 00000000 51640911 01014020 00000000 00000000 
 04: 01923470 00003530 027457 00000000 51640911 01014020 00000000 00000000 
 05: 01923470 00003530 027457 00000000 51640911 01014020 00000000 00000000 
 07: 01945070 00003570 001844 00000000 -137345511 01014536 00000000 00000000 
 08: 01945070 00003570 001844 00000000 -137345511 01014536 00000000 00000000 
 02: 01945070 00003570 001844 00000000 -137345511 01014536 00000000 00000000 
 01: 01945070 00003570 001844 00000000 -137345511 01014536 00000000 00000000 
 03: 01945070 00003570 001844 00000000 -137345511 01014536 00000000 00000000 
 06: 01945070 00003570 001844 00000000 -137345511 01014536 00000000 00000000 
 05: 01945070 00003570 001844 00000000 -137345511 01014536 00000000 00000000 
 04: 01945070 00003570 001844 00000000 -137345511 01014536 00000000 00000000 
 07: 01966670 00003610 005410 00000000 -445444324 01007948 00000000 00000000 
 02: 01966670 00003610 005410 00000000 -445444324 01007948 00000000 00000000 
 06: 01966670 00003610 005410 00000000 -445444324 01007948 00000000 00000000 
 03: 01966670 00003610 005410 00000000 -445444324 01007948 00000000 00000000 
 08: 01966670 00003610 005410 00000000 -445444324 01007948 00000000 00000000 
 01: 01966670 00003610 005410 00000000 -445444324 01007948 00000000 00000000 
 05: 01966670 00003610 005410 00000000 -445444324 01007948 00000000 00000000 
 04: 01966670 00003610 005410 00000000 -445444324 01007948 00000000 00000000 
 06: 01835150 00003370 018567 00000000 1130965824 00976059 00000000 00000000 
 08: 01835150 00003370 018567 00000000 1130965824 00976059 00000000 00000000 
 01: 01835150 00003370 018567 00000000 1130965824 00976059 00000000 00000000 
 02: 01835150 00003370 018567 00000000 1130965824 00976059 00000000 00000000 
 04: 01835150 00003370 018567 00000000 1130965824 00976059 00000000 00000000 
 05: 01835150 00003370 018567 00000000 1130965824 00976059 00000000 00000000 
 02: 01857710 00003410 005061 00000000 868763108 00987606 00000000 00000000 
 03: 01857710 00003410 005061 00000000 868763108 00987606 00000000 00000000 
 06: 01857710 00003410 005061 00000000 868763108 00987606 00000000 00000000 
 08: 01857710 00003410 005061 00000000 868763108 00987606 00000000 00000000 
 01: 01857710 00003410 005061 00000000 868763108 00987606 00000000 00000000 
 07: 01857710 00003410 005061 00000000 868763108 00987606 00000000 00000000 
 05: 01857710 00003410 005061 00000000 868763108 00987606 00000000 00000000 
 04: 01857710 00003410 005061 00000000 868763108 00987606 00000000 00000000 
 07: 01879310 00003450 030762 00000000 600279624 00994733 00000000 00000000 
 02: 01879310 00003450 030762 00000000 600279624 00994733 00000000 00000000 
 06: 01879310 00003450 030762 00000000 600279624 00994733 00000000 00000000 
 03: 01879310 00003450 030762 00000000 600279624 00994733 00000000 00000000 
 01: 01879310 00003450 030762 00000000 600279624 00994733 00000000 00000000 
 08: 01879310 00003450 030762 00000000 600279624 00994733 00000000 00000000 
 05: 01879310 00003450 030762 00000000 600279624 00994733 00000000 00000000 
 04: 01879310 00003450 030762 00000000 600279624 00994733 00000000 00000000 
 07: 01901870 00003490 031740 00000000 348049505 00998137 00000000 00000000 
 03: 01901870 00003490 031740 00000000 348049505 00998137 00000000 00000000 
 06: 01901870 00003490 031740 00000000 348049505 00998137 00000000 00000000 
 02: 01901870 00003490 031740 00000000 348049505 00998137 00000000 00000000 
 08: 01901870 00003490 031740 00000000 348049505 00998137 00000000 00000000 
Player Checksum information:
 

PLAYER: YB___Ðông Keo.
P#1 CSum=35583511 
 

PLAYER: andiku1234
P#2 CSum=91472098 
 

PLAYER: MrPao
P#3 CSum=66143203 
 

PLAYER: quita97
P#4 CSum=74978386 
 

PLAYER: Cac Ha Tuoi Ty
P#5 CSum=123529734 
 

PLAYER: PRO 29x3
P#6 CSum=116795751 
 

PLAYER: Hoang Lao Ta
P#7 CSum=137529610 
 

PLAYER: thanhloistda
P#8 CSum=155177360 
...end of log
